0 0 0.20788298804509797
0 1 0.5661859361555617
0 2 0.9450779166214371
0 3 0.44937211553927103
0 4 0.3741639564449064
0 5 0.40715258394664344
0 6 0.6311558241750385
0 7 0.06171110366228605
0 8 0.17478853458659294
0 9 0.8088614360748743
0 10 0.41736437521179937
0 11 0.8833399441435115
0 12 0.006433342267125219
0 13 0.729850809777657
0 14 0.057935474602172965
0 15 0.8031363353759069
0 16 0.20849533626580952
0 17 0.5521037926655347
0 18 0.799765804372478
0 19 0.5071944419006668
1 0 0.9554334679468189
1 1 0.34041770412662464
1 2 0.19006538071820944
1 3 0.19080764364299474
1 4 0.3352495620611383
1 5 0.7454194319702964
1 6 0.8626369920370269
1 7 0.842449796110037
1 8 0.4718000112344768
1 9 0.23938543713169147
1 10 0.9888607556707087
1 11 0.04178321266701468
1 12 0.3315333387557795
1 13 0.2028014520175424
1 14 0.13262745620321326
1 15 0.8305372819013214
1 16 0.838454625591407
1 17 0.14880177122370664
1 18 0.9600711718872466
1 19 0.5701557026484119
2 0 0.7822207277179098
2 1 0.6468851011131326
2 2 0.10516913302308206
2 3 0.27342750483100564
2 4 0.4878372165329604
2 5 0.48990055322289083
2 6 0.6165024115196656
2 7 0.037705963579817925
2 8 0.1112534114798206
2 9 0.5079384224647299
2 10 0.0013706296569637733
2 11 0.4909184520287
2 12 0.2007278983830476
2 13 0.3718073524589589
2 14 0.39244966670607695
2 15 0.28417990849811614
2 16 0.8880528297370758
2 17 0.32634031473496916
2 18 0.5802007929471054
2 19 0.8467562825799536
3 0 0.9297441710795321
3 1 0.4556078583160086
3 2 0.40497087443817836
3 3 0.8166401440204548
3 4 0.6428157414508774
3 5 0.31300712504100936
3 6 0.40831283028118137
3 7 0.10880315859126266
3 8 0.7950031513660016
3 9 0.5710265898901041
3 10 0.8553802214639599
3 11 0.7927609402154977
3 12 0.6162904164726954
3 13 0.2734499191632631
3 14 0.30901925203696634
3 15 0.07430412680917953
3 16 0.5362657984843338
3 17 0.08287880718438201
3 18 0.7792528721732084
3 19 0.51929470648884
4 0 0.12242883675393401
4 1 0.019259954538194957
4 2 0.9376980735435545
4 3 0.41306064844896473
4 4 0.011493134570232266
4 5 0.6771236551959168
4 6 0.246160958985861
4 7 0.8417750618630864
4 8 0.901064734894947
4 9 0.016558239127267504
4 10 0.44146129364019127
4 11 0.4282954327061318
4 12 0.21886894137120938
4 13 0.5036361076403426
4 14 0.6582291776932284
4 15 0.2551383090045132
4 16 0.7104442610935606
4 17 0.5805826705266021
4 18 0.8059618932375535
4 19 0.8800194168442547
5 0 0.6012924990974012
5 1 0.982079867185821
5 2 0.9026555168269165
5 3 0.7378615515088514
5 4 0.9049558296503515
5 5 0.836394929628512
5 6 0.09859361544623413
5 7 0.7666883341237811
5 8 0.6782124632634893
5 9 0.6260145815179121
5 10 0.7818984003564118
5 11 0.046262461565208635
5 12 0.3379146207819326
5 13 0.5488275624093988
5 14 0.5012184054936614
5 15 0.33973769655438535
5 16 0.7899864130654278
5 17 0.33944067080784235
5 18 0.23572117408732796
5 19 0.6177397865489447
6 0 0.5958984575537868
6 1 0.49848942245345973
6 2 0.2068803015377363
6 3 0.20966136786813294
6 4 0.10136568520662648
6 5 0.47967200578355884
6 6 0.021070618016093556
6 7 0.865431524292107
6 8 0.07016667297735957
6 9 0.7170092191925316
6 10 0.47744846232973037
6 11 0.9255789592953658
6 12 0.008813262784771236
6 13 0.6343380105905208
6 14 0.21002309845104983
6 15 0.6423914020489976
6 16 0.918200355970698
6 17 0.6076645590745955
6 18 0.585485984349836
6 19 0.30186732846874675
7 0 0.703436861438045
7 1 0.6093691146858284
7 2 0.30697031683040654
7 3 0.5437144744082405
7 4 0.5620813872551707
7 5 0.7384296727974786
7 6 0.8841954334787971
7 7 0.9230483099074049
7 8 0.2644161531113801
7 9 0.4757035392607437
7 10 0.6884991064250408
7 11 0.9787473755263844
7 12 0.0127118861745118
7 13 0.237197877233168
7 14 0.2354670793075213
7 15 0.766746982084727
7 16 0.8356023409550084
7 17 0.9946399641318615
7 18 0.36071261976054214
7 19 0.42781739609574465
8 0 0.08213018244903625
8 1 0.4344764541556754
8 2 0.17313991298495057
8 3 0.4338961210210971
8 4 0.08546197323870874
8 5 0.22613824766154844
8 6 0.15469673337417444
8 7 0.5338159662746351
8 8 0.8979078349471485
8 9 0.4492301785834898
8 10 0.2402423089306689
8 11 0.8355553571859267
8 12 0.06927670629896843
8 13 0.27264610682623036
8 14 0.9895385484910972
8 15 0.9551792382622789
8 16 0.0018268835038510733
8 17 0.03838461396065285
8 18 0.2357920921270693
8 19 0.7857675486427632
9 0 0.6591409552212075
9 1 0.8957748601842682
9 2 0.4038145438540768
9 3 0.43921519003582776
9 4 0.37467766691651316
9 5 0.527111327120886
9 6 0.7407629777749981
9 7 0.8081311676600693
9 8 0.16614443273959612
9 9 0.19997004195502166
9 10 0.6059232365408238
9 11 0.2695909124981123
9 12 0.8604350573491817
9 13 0.2773513979682325
9 14 0.6859786487693887
9 15 0.2785680493641506
9 16 0.007383002583381537
9 17 0.4941022111307003
9 18 0.6664974763861226
9 19 0.9184058743440972
9 280 0.20715106913665948
10 0 0.7890802085498554
10 1 0.0026794157883953673
10 2 0.8617983796356314
10 3 0.49289657055762714
10 4 0.3188916004825154
10 5 0.3555988281236273
10 6 0.6176877658538641
10 7 0.26420052204929034
10 8 0.30327900467999613
10 9 0.16559186411004023
10 10 0.5896550760294579
10 11 0.25451504414004844
10 12 0.7157225599112386
10 13 0.17413772540985728
10 14 0.1544546614375547
10 15 0.48603843652016243
10 16 0.9637823695502411
10 17 0.18832835725620745
10 18 0.2585451332439478
10 19 0.804288191749126
11 0 0.7615713122313094
11 1 0.5472669627276887
11 2 0.5108951387717068
11 3 0.42016309846275635
11 4 0.3220654480531536
11 5 0.1402503831266968
11 6 0.8798596852119378
11 7 0.9552975028156048
11 8 0.16164202145193407
11 9 0.06598612603198983
11 10 0.6502032515936764
11 11 0.5082449442201403
11 12 0.429057016995644
11 13 0.7884620850624425
11 14 0.29193001423369425
11 15 0.9056143522774763
11 16 0.3958265403796606
11 17 0.262894909546573
11 18 0.15327742548575174
11 19 0.5384489883356923
12 0 0.5317638827035756
12 1 0.08426692502904587
12 2 0.0644031012945494
12 3 0.2336510772854562
12 4 0.8167480547421142
12 5 0.29860985949931573
12 6 0.48728146758094637
12 7 0.466738040615013
12 8 0.03891202796088533
12 9 0.5182677936740575
12 10 0.26442705118485
12 11 0.9059736596834908
12 12 0.060168225361988514
12 13 0.19073842395240448
12 14 0.41387705565618027
12 15 0.39246434637811334
12 16 0.7683211692367035
12 17 0.7913145265976453
12 18 0.9445727880310746
12 19 0.1540046580310147
13 0 0.8177035344320072
13 1 0.7795963293207423
13 2 0.20710309854274
13 3 0.642536527639521
13 4 0.7030480812605876
13 5 0.008157595841887466
13 6 0.9257992037252166
13 7 0.5338479632748879
13 8 0.9257107738584724
13 9 0.7321151213709803
13 10 0.7170181161579278
13 11 0.38852624702645155
13 12 0.6403386750129287
13 13 0.3781981284833559
13 14 0.5176919879862066
13 15 0.2654232616720036
13 16 0.8713719411834225
13 17 0.6172282700134906
13 18 0.7461461162548535
13 19 0.9830101048503967
14 0 0.7300861469073925
14 1 0.9960826082311035
14 2 0.3988544499476079
14 3 0.16297976599250608
14 4 0.8402794451683999
14 5 0.004231244669068213
14 6 0.21301420248857206
14 7 0.13914142977455968
14 8 0.21777096483261726
14 9 0.131949258944964
14 10 0.2782141527188341
14 11 0.671365666031269
14 12 0.35682856435146937
14 13 0.09983884827515177
14 14 0.4135084687741596
14 15 0.4211255630265216
14 16 0.7760974519462099
14 17 0.9870330392197647
14 18 0.02218937976059243
14 19 0.714044715550642
15 0 0.6264070495759363
15 1 0.777021462189605
15 2 0.031084851010148684
15 3 0.04326696194027102
15 4 0.7276371986387917
15 5 0.5328094832658612
15 6 0.6367608388800291
15 7 0.48173555408179747
15 8 0.46154482268129626
15 9 0.15348650697377353
15 10 0.4389600999713352
15 11 0.24600977420513592
15 12 0.7709428881596123
15 13 0.4845073368890713
15 14 0.16521628192629634
15 15 0.5048866197961075
15 16 0.4758252891721648
15 17 0.6191469225485118
15 18 0.5676984650959404
15 19 0.47197017015278386
16 0 0.08598931794241305
16 1 0.05155525539594563
16 2 0.9002263969503436
16 3 0.4745093775913415
16 4 0.0757443404930449
16 5 0.12289608184918266
16 6 0.7889295370859252
16 7 0.2613597852157947
16 8 0.9392867879376602
16 9 0.6838434065625815
16 10 0.35052603087559264
16 11 0.4273063316059943
16 12 0.19071116170692692
16 13 0.4384607748119984
16 14 0.9688911918639506
16 15 0.3796697630973048
16 16 0.997850820816102
16 17 0.6824803065876521
16 18 0.5903910676599223
16 19 0.8067430460239939
17 0 0.6249309295066193
17 1 0.5587650905132252
17 2 0.13384490143990324
17 3 0.2022702444193415
17 4 0.27696691791207717
17 5 0.10108727042433374
17 6 0.28005851644634505
17 7 0.845354755785006
17 8 0.47442106486848046
17 9 0.6659069722530513
17 10 0.3136806139202789
17 11 0.2687493814152999
17 12 0.8412974699420663
17 13 0.10544483768231327
17 14 0.8747828457304236
17 15 0.27377695939828295
17 16 0.8345055954045256
17 17 0.2143990339272548
17 18 0.06858683859573633
17 19 0.9004502582948372
18 0 0.7617256223673282
18 1 0.8964883976407162
18 2 0.4648673746565778
18 3 0.01559650755228259
18 4 0.8853550555536142
18 5 0.47268072102425074
18 6 0.01067873360792626
18 7 0.27831986461752234
18 8 0.8776261863066414
18 9 0.1846182545487708
18 10 0.049739306207789324
18 11 0.5166979466123629
18 12 0.9779929939309241
18 13 0.5674305534343749
18 14 0.9711520529468565
18 15 0.04142272336448616
18 16 0.8288578580411404
18 17 0.37634045039279296
18 18 0.47538274202956
18 19 0.8650271415847934
19 0 0.3744236544374979
19 1 0.7507145651763941
19 2 0.9398925871382393
19 3 0.6159769112147968
19 4 0.29949011421637084
19 5 0.8305777271799469
19 6 0.9504291332781848
19 7 0.4973097233752627
19 8 0.9317992645385732
19 9 0.31772987497106164
19 10 0.3864862414367103
19 11 0.6906367388857881
19 12 0.16472648603913953
19 13 0.6442062473092476
19 14 0.8293261850876914
19 15 0.13129030618373827
19 16 0.721021694123445
19 17 0.1170411043044185
19 18 0.3704107902311118
19 19 0.3856415487390108
20 6 0.031278934235086764
21 6 0.0856237756502164
22 6 0.529854318923066
23 7 0.19286743885338864
24 7 0.9962729149169811
25 7 0.4092168899653943
26 7 0.9363115682419609
27 7 0.029866682966538605
28 7 0.3536109643198826
29 7 0.47344952635654214
30 7 0.5924002673061821
31 7 0.925472261517721
31 227 0.02580061163063574
32 7 0.2886103704379006
33 7 0.8509587317344715
34 7 0.2240863666736136
35 7 0.6881724771745911
36 7 0.7755218134374994
37 7 0.07685625769956661
38 7 0.7720015137829596
39 7 0.997533082854689
40 7 0.8906026220243577
41 7 0.7464836104593845
42 7 0.9287648519062033
43 7 0.8022772397715431
44 7 0.2838231630574325
45 7 0.4278789957733262
46 7 0.5072649143235639
47 7 0.3085525780980022
48 7 0.8997135552292121
49 8 0.6839507004010176
50 9 0.9481828028738541
51 10 0.6733102749820816
52 11 0.8165575082324237
53 12 0.384216104726006
54 13 0.49552999130423403
55 13 0.8745404642665465
56 14 0.11219742116868048
56 126 0.32540402355657816
57 15 0.032900587897166655
58 16 0.8591650904777274
59 17 0.44181579579070496
60 18 0.5946499420794646
61 19 0.19882924187270612
62 20 0.15221872424975968
63 20 0.39885148664671644
64 21 0.2275949822929021
65 21 0.9687536138871756
66 21 0.498396965907838
67 21 0.0031778139696483354
68 21 0.5824838953544071
69 21 0.6085742622559198
70 21 0.8932309835748179
71 21 0.844345563888094
72 21 0.0490046370555155
73 21 0.9122458784091523
74 21 0.11130390863465378
75 21 0.8264929724125143
76 21 0.6692917800262735
77 21 0.6069926512350681
78 21 0.4705794548000948
79 21 0.06712568247965078
80 21 0.888872534826932
81 21 0.8082636117034601
82 21 0.31978788349185006
83 21 0.2483087221590181
84 21 0.9210665106479463
85 21 0.37447979966299494
86 21 0.9367574535859865
87 21 0.7792007994007727
88 21 0.8655684966730913
89 21 0.06104845261198455
90 21 0.09944259630666341
91 21 0.7991609218261364
92 21 0.3721065373897272
93 21 0.6889572590646855
94 21 0.40755449090323925
95 21 0.1363739508893601
96 21 0.21212375067423483
97 21 0.3757133604108245
98 21 0.5310585319108089
99 21 0.3622393686193578
100 21 0.5686801756327222
101 21 0.7920541748795741
102 21 0.23071868026814046
103 21 0.2310340008080587
104 21 0.23319013447540526
105 21 0.33970020131263423
106 21 0.29304502768985075
107 21 0.2732864975063706
108 21 0.5408062215875198
109 21 0.8498458019804508
110 21 0.09682363372353697
111 21 0.09101565794628264
112 21 0.23585503096876548
113 21 0.5214411886497823
114 21 0.1632463176597878
115 21 0.4537100395410316
116 21 0.0019447704407823396
117 21 0.7454867356244521
118 21 0.7205571843380568
119 21 0.9053394169316235
120 21 0.8458453101928197
121 21 0.54449415726242
122 21 0.1737674718189537
123 21 0.48529478831561645
124 21 0.7223438522387714
125 21 0.15990600641076314
126 21 0.9835263235658074
127 21 0.5152544800404046
128 21 0.012336395667822075
129 21 0.9467145982537392
130 21 0.9957332777438721
131 21 0.30609910879452784
132 21 0.8862808943168878
133 21 0.5110690158988265
134 21 0.2671615421527914
135 21 0.7028558348499914
136 21 0.9501028452742168
137 21 0.7603573818855619
138 21 0.8165704677346343
139 21 0.20129460754193695
140 21 0.6786843255818348
141 21 0.5778385735615874
142 21 0.884245238920282
143 21 0.17688617944722407
144 21 0.9022810700321139
145 21 0.18766450430188153
146 21 0.2352335064128831
147 21 0.87481725543153
148 21 0.6982951412276459
149 21 0.8719894745363699
150 21 0.42313509697200213
151 21 0.7836796785930383
152 21 0.6277200674648958
153 21 0.5901093165313788
154 21 0.1862978225084444
155 21 0.023620634362327864
156 21 0.5511371239345906
157 21 0.3434154955750299
158 21 0.7891077485587041
159 21 0.5541676359896555
160 21 0.7039078700296287
161 21 0.7687495321086625
162 21 0.39876929210080236
163 21 0.4641445736682581
164 21 0.5417534550781279
165 21 0.26200303880054054
166 21 0.48347841771972067
167 21 0.3888509138561359
168 21 0.5080654805941407
169 21 0.257336597053612
170 21 0.19743873812102763
171 21 0.4080455910021389
172 21 0.9671538469208986
173 21 0.3018218687518577
174 21 0.049007362231918816
175 21 0.3888612626534135
176 21 0.46076969137045676
177 21 0.3459618279704225
178 21 0.09132314626745042
179 21 0.5875772488010195
180 21 0.7385956015748949
181 21 0.32836352746485686
182 21 0.4376467881986684
183 21 0.9534527642774763
184 21 0.13217008854228474
185 21 0.350342422358195
186 21 0.601586136760938
187 21 0.5769323615267969
188 21 0.35539798373482545
189 21 0.9675512292022839
190 21 0.012593382814608756
191 21 0.0433540647588283
192 21 0.5533039127622178
193 21 0.2540914609205679
194 21 0.4883689632732058
195 22 0.5481162691897878
196 22 0.9984717894976624
197 22 0.8656751863472045
198 22 0.6425951929510967
199 22 0.7833768436425688
200 22 0.10089786336374673
201 22 0.10612882452115546
202 23 0.7073260908812724
202 65 0.9981733832655433
203 24 0.13704593386992503
204 25 0.11969888675227347
205 26 0.11581111481090323
206 27 0.40891474701635633
207 28 0.011231663930724167
208 28 0.13892398890572022
209 28 0.9418012107022051
210 28 0.03812874869836402
211 28 0.10829693386151795
212 29 0.5684868782811147
212 491 0.7403155153408822
212 494 0.5066759923060616
212 496 0.781313710650128
213 29 0.11582021496085049
214 30 0.09052459409891012
215 30 0.18537191081177484
216 30 0.914904677983318
217 30 0.46898888668120087
218 30 0.4188051232833173
219 30 0.9476904914518438
220 30 0.4605755908377559
221 30 0.7133600257114612
222 30 0.70591036164691
223 30 0.3007263892243456
224 30 0.33885872352528523
225 30 0.17520825523679684
226 30 0.19492287790533047
227 30 0.5359882933156426
228 30 0.7122152886032732
229 30 0.8210224203299614
230 30 0.21459090236502
231 30 0.5500699950851523
232 30 0.5727391867980607
233 30 0.24236256821693025
234 30 0.7126257234072573
235 30 0.324142337347503
236 30 0.9522765687426508
237 30 0.8109061962014609
238 30 0.33443491047285623
239 30 0.1064750667825215
240 30 0.32398536361458674
241 30 0.8460315911677163
242 30 0.46668825578906814
243 30 0.7831540361736115
244 30 0.5186586476211714
245 30 0.19618424974073
246 30 0.6219637407092933
247 30 0.12875427799403727
248 30 0.146037371862761
249 30 0.1426028522720334
250 31 0.16938455003280184
251 31 0.5201201464222779
252 31 0.8553033982144438
253 31 0.26148883507492593
254 31 0.7329886113460181
255 31 0.28993653116931817
256 31 0.8522036943209403
257 31 0.7647510027963466
258 31 0.6513155654044386
259 31 0.7709391818416315
260 31 0.6654296425889922
261 31 0.2896351695745505
262 31 0.3825837611536844
263 31 0.0933648797998422
264 31 0.6599298297165829
265 31 0.5594833333554985
266 31 0.3205003532268551
267 31 0.32208501327454375
268 31 0.2723145824081269
269 31 0.3793635881476245
270 31 0.06301741592738508
271 31 0.5370583356427656
272 31 0.9841103635971079
273 31 0.4962591209002424
274 31 0.9549670226623891
275 32 0.22289793376533185
276 32 0.002188953935459481
277 32 0.8563456140799421
278 33 0.7575615994731111
279 33 0.9089441377973589
280 34 0.3315517001690589
281 34 0.03766303607621513
282 34 0.7194086369731842
283 34 0.14063306092852979
284 34 0.11112419157440323
285 34 0.5968697961153872
286 34 0.035664879247182646
287 34 0.8651347673261051
288 34 0.6896599284091337
289 34 0.12297124424667372
290 34 0.3942407981019659
291 34 0.3483438949919866
292 35 0.12956231067856627
293 35 0.19348478959861548
294 35 0.7409565680559607
295 35 0.4063878165106388
296 35 0.5536541205028783
297 35 0.8679082443744891
298 35 0.9994672742448342
299 35 0.006505203740003962
300 35 0.9557938134864307
301 35 0.1625895772000735
302 35 0.09072001043403177
303 35 0.22260517697054427
304 35 0.1508623497421162
305 35 0.15872769161622358
306 35 0.2849485097391872
307 35 0.05426991827205829
308 35 0.8582498049072533
309 35 0.5921765941048511
310 35 0.4106819996704917
311 35 0.7293784674226444
312 35 0.25191803308587735
313 35 0.5280312373743858
314 35 0.28307265442879903
315 35 0.016014536064316465
316 35 0.33425894280049595
317 35 0.6285149509865909
318 35 0.8948850823954941
318 250 0.27476803040168507
319 35 0.25693574264531494
320 35 0.3708596562636275
321 35 0.6632702203314028
322 35 0.23504739814038245
323 36 0.09643800513432932
324 37 0.8893705885113403
325 38 0.1393230978267792
326 38 0.13851927356673488
327 38 0.9218654627043474
328 38 0.31075890802081707
329 38 0.7318422683161627
330 38 0.9236443509083526
331 38 0.27507734413260254
332 38 0.43827792844137237
333 38 0.563557870739611
334 38 0.7425761739648895
335 38 0.7503618274842104
336 38 0.11255904850835707
337 38 0.3517881656245353
338 39 0.9300351098598556
339 39 0.3560802223992199
340 39 0.2362619726077002
341 39 0.2799091811567126
342 40 0.7753661911102533
343 40 0.18241633599143547
344 40 0.31620913267135564
345 40 0.9533345599133769
346 40 0.17338635963984028
347 40 0.5539026295310397
348 40 0.49631826742041696
349 40 0.29487197263539466
350 41 0.9750214025493177
351 42 0.08673364734321043
351 43 0.16654911509929693
351 44 0.4327967346132323
352 45 0.605373549413208
353 46 0.9205820830287115
354 46 0.9726807673531561
354 53 0.19998498220133198
355 46 0.01975765341854574
356 46 0.5087985382209125
357 47 0.36133215038999744
358 48 0.7473455697032102
359 49 0.8409335076601717
360 50 0.2234389981851327
361 50 0.35338172727423967
362 50 0.6194199638071133
363 50 0.4916562013015269
364 50 0.8824780122423355
365 50 0.6359880618861707
366 51 0.34363757465597244
367 51 0.9777163469116659
368 52 0.3299994380789415
369 53 0.7450494823412768
370 53 0.5496656099023323
371 53 0.8915607407624764
372 53 0.30368457271008376
373 53 0.9989464804129636
374 53 0.7445115086815502
375 53 0.12196899291763186
376 53 0.4066034088777175
377 53 0.8581825842253008
378 53 0.7518356609413142
379 53 0.7899397597689787
380 53 0.8032110776313961
381 53 0.14509621757838798
382 53 0.08957102745256917
383 53 0.3003526668740122
384 54 0.9863398281596424
385 54 0.6983083318712741
386 54 0.4816368769262306
387 54 0.8644544907227444
388 54 0.5422973427418021
389 54 0.047473221325125325
390 54 0.34235393453865426
391 54 0.24929449262686687
392 54 0.8808077475573494
393 54 0.8232454381140576
394 54 0.9928921045989824
395 54 0.7991183262222965
396 54 0.613760577626362
397 54 0.005651920998191895
398 54 0.2630501293229872
399 54 0.9066939378169461
400 54 0.49612755518679164
401 54 0.7848487061295821
402 54 0.3970514186332128
403 54 0.9975881162141496
404 54 0.43692405871630324
405 54 0.43562675053158595
406 54 0.1663889794753055
407 54 0.2118971310408876
408 54 0.03630064795029009
409 54 0.11203607265768456
410 54 0.5110749200699694
411 54 0.3851417270939569
412 54 0.015612141414611203
413 54 0.9321167581630612
414 54 0.09388933109927844
415 54 0.4243733202463008
416 54 0.24692517614571596
417 54 0.6064367944517224
418 54 0.03501891676635194
419 54 0.43757772556845764
420 54 0.5152920875794245
421 54 0.6296090359152262
422 54 0.30428800266505485
423 54 0.7437163466277741
424 54 0.9889791133452548
425 54 0.6439022496248913
426 54 0.06983933019928301
427 54 0.0070323086962240655
428 54 0.16911223308814716
429 54 0.3808710923107369
430 54 0.4265156434337133
431 54 0.8663460139504231
432 54 0.4697278475758516
433 55 0.20109449991168304
434 55 0.6685507746657604
435 55 0.20602663204736793
436 55 0.35573474953357853
437 55 0.554188358970387
438 55 0.7510841842478302
439 55 0.9541907059945252
440 55 0.431308958516347
441 56 0.11023553005596398
442 56 0.09470697179763132
443 56 0.5413793939140447
444 56 0.70925765800767
445 56 0.08554082505370075
446 56 0.007098990625568513
447 56 0.22210184353449702
448 57 0.9460716908462066
449 57 0.16408893370568722
449 449 0.6193361874309162
450 57 0.2965250237229361
451 58 0.5442121985111991
452 59 0.31231525950239314
453 60 0.3034962626528379
454 61 0.24076820648964037
455 61 0.4907040214342929
456 62 0.05012419785754041
457 62 0.21951951841560413
458 62 0.06060456991138152
459 62 0.6212585120663138
460 62 0.3646243052691259
461 62 0.9082567972134798
462 62 0.013729618673756105
463 62 0.8455323629700838
464 62 0.5344695880275103
465 62 0.15498878010047357
466 62 0.789824587589014
466 100 0.9443823640221819
466 280 0.7645031770940338
466 292 0.6497420409183323
466 423 0.4264106576481773
467 62 0.10730205323947506
468 62 0.12145921832519257
469 62 0.7875312523377126
470 62 0.4076911615361831
471 62 0.27938537507836103
472 62 0.6040372129012016
473 62 0.32728105788200124
474 62 0.5152060576988686
475 62 0.22758135010338643
476 62 0.31536843015962834
477 62 0.09216665252150691
478 62 0.7385499909139107
479 62 0.5225991688493694
480 62 0.48837042157430344
481 62 0.8633445115424316
482 62 0.4558629325341008
483 62 0.17239384885753672
484 62 0.046866747794964136
485 63 0.758266214575115
486 63 0.08617051827136735
487 64 0.9048864126664282
488 64 0.7226106150577398
489 66 0.36609227962461677
490 66 0.9709479402274264
491 66 0.6580258441136478
492 66 0.7789307602366714
493 67 0.7291500140110121
493 322 0.8536660894307173
493 467 0.10819363014464412
494 68 0.17300008236249387
495 68 0.43477778369804854
496 68 0.1784477495107306
497 69 0.5211012717032134
498 70 0.0009933647116424638
499 71 0.07903270255250172
499 499 0.6553962804397365
