0 107 0.1156531449753061
1 37 0.05497650486155381
2 187 0.1531696792247602
3 88 0.7314266358968109
4 110 0.26181949951019623
5 125 0.13158110068399997
6 33 0.9085160141647752
7 89 0.2046831935424469
8 9 0.2886656720835561
9 175 0.34243457584280323
10 99 0.6867411947671225
11 1 0.7150916419150651
12 35 0.8377410398627576
13 157 0.548455790165837
14 198 0.21047403100089823
15 175 0.3182968395551927
16 144 0.27422714672103665
17 101 0.318228962129813
18 3 0.9369372455283093
19 26 0.1653798487861976
20 179 0.7095118546262125
21 98 0.44464500740949997
22 140 0.2613297971232095
23 59 0.05546434491686436
24 2 0.6989492154321231
25 191 0.10278954149466146
26 166 0.5368895274811927
27 33 0.9782846005118783
28 93 0.33386838092433824
29 74 0.9531426130289518
30 187 0.5072201002284304
31 151 0.4985363793136153
32 93 0.2114767267230977
33 176 0.08865883397641983
34 15 0.3243552476912068
35 69 0.40643092781139545
36 52 0.4068640897493252
37 172 0.7873065927403617
38 42 0.4012446018100606
39 116 0.7138343880796647
40 89 0.47623988668954953
41 144 0.5057807433055275
42 2 0.5381565002769267
43 45 0.6949060602241308
44 109 0.5263977233179531
45 77 0.8874073250056379
46 96 0.2692061454772391
47 49 0.6054986720612358
48 157 0.4726619803493489
49 76 0.4142371472523584
50 132 0.8485682830543327
51 89 0.09156919838255517
52 129 0.19890010090764132
53 40 0.08693794250462372
54 18 0.5114691554547993
55 94 0.16112733609504748
56 18 0.5263699934003003
57 35 0.17166733396360268
58 21 0.9683297805058021
59 137 0.5934372662195511
60 180 0.2864729469515722
61 84 0.6112428652933395
62 1 0.48184839243253896
63 36 0.7309105982293884
64 138 0.33173691415463114
65 17 0.5382361936442271
66 38 0.008947649180365724
67 7 0.12861617590224217
68 181 0.39120207256097284
69 107 0.8263881519660641
70 128 0.20279976903769792
71 123 0.9402875029422259
72 179 0.03753311921032865
73 193 0.4108678507491994
74 122 0.036232223910069306
75 186 0.34387126404725565
76 159 0.5958902927368946
77 31 0.04528190118382913
78 122 0.6592777595044169
79 37 0.551924511566977
80 162 0.04144059241669118
81 80 0.3529427114696505
82 10 0.950365606612774
83 120 0.9286158624499606
84 87 0.40713879893430516
85 68 0.75424198394165
86 156 0.8641732542868211
87 117 0.26453223876221466
88 153 0.21857701367355054
89 48 0.9410219407766177
90 108 0.9567812304257511
91 45 0.06279055843871373
92 103 0.09142504173187516
93 167 0.17194677726799001
94 51 0.9152702999291638
95 148 0.7224702163330855
96 11 0.5136473324559463
97 118 0.3293061894166962
98 185 0.35820714600266557
99 191 0.8040380744512412
100 69 0.765379156610791
101 132 0.4055644249442105
102 31 0.5312573224226557
103 14 0.03766900656480254
104 176 0.19347755662910293
105 135 0.9434937242231125
106 195 0.37872113339838676
107 106 0.6981649598502678
108 131 0.2572383234160055
109 47 0.20414902977714977
110 23 0.5906625306189468
111 39 0.45751770297903493
112 137 0.9823205644337883
113 19 0.1775551011885511
114 136 0.15737195811379956
115 165 0.3393598378355054
116 69 0.3564876362598023
117 23 0.24165063830641131
118 163 0.46177035476095407
119 63 0.1388974609997058
120 176 0.06074313880176807
121 68 0.7016664960557633
122 100 0.18429334222568738
123 98 0.27519255904818796
124 158 0.5110318111031378
125 88 0.11349145479487344
126 113 0.6807759612929344
127 46 0.5388488778951425
128 107 0.7209268656183361
129 180 0.7409595707173369
130 153 0.0006534494040221217
131 2 0.4085990126476884
132 18 0.013096632027423838
133 84 0.8621137614131807
134 198 0.5441883191658969
135 55 0.7035164445686394
136 123 0.30502259745081095
137 200 0.429767707561875
138 80 0.01416109363435858
139 97 0.8444552734547388
140 165 0.7757109020487699
141 110 0.2959574689339738
142 78 0.025981952350887738
143 48 0.8218955523712693
144 114 0.004225084707741078
145 92 0.13602473159236106
146 170 0.67814028313689
147 64 0.28859206231105383
148 183 0.6027803455426495
149 99 0.28152251070935075
150 152 0.9093224829286342
151 191 0.1930592129422425
152 198 0.29455596870320255
153 31 0.7117029973197643
154 105 0.5282006968763879
155 140 0.016514086035518183
156 142 0.0030005833392212633
157 130 0.8947677163575531
158 121 0.49022119016649934
159 95 0.9404427563903479
160 156 0.17609925593593867
161 127 0.9094270303214591
162 73 0.9258565356503252
163 132 0.6446250548564437
164 62 0.944979901664819
165 119 0.6047141188230244
166 140 0.13325969492915402
167 84 0.8792427238041386
168 94 0.5229396673264511
169 73 0.28030108809452803
170 190 0.23990007675761327
171 150 0.4794162985662661
172 55 0.3783120184159533
173 139 0.9652016001339407
174 8 0.49353151870853795
175 172 0.10999135585950792
176 199 0.720876794396505
177 125 0.47244101978854114
178 19 0.42482753058131373
179 57 0.40270306022289626
180 163 0.23334646573016715
181 170 0.6253623388652236
182 50 0.08601025748367219
183 114 0.6226182919023877
184 106 0.8740027772547855
185 90 0.9431880798411518
186 9 0.3564691158356177
187 136 0.9296965659282843
188 113 0.6315440595066858
189 110 0.040053160965986656
190 183 0.6087769797542498
191 43 0.14045496194925
192 171 0.47269145248834155
193 15 0.41863372933542076
194 24 0.6860835227468755
195 95 0.47430124846481436
196 88 0.8079170793444295
197 123 0.023255657484252068
198 135 0.34954049650480745
199 57 0.7068075302749574
